mRNA	sample1	sample2	sample3	sample4	sample5	sample6	sample7	sample8	sample9	sample10	sample11	sample12	sample13	sample14	sample15	sample16	sample17
Chili_GLEAN_128907	0.223090052	97.2916387	0.470027599	40.26902126	7.212912914	1883.88875	1636.781475	128.7988976	150.3688686	12.84149416	10.30471575	27.08301204	0.461559282	0.135211567	13.09736235	0.123095936	0.434833183
Chili_GLEAN_102992	400.4450719	848.1185058	867.777815	588.6107053	328.7815827	487.6810444	573.1158891	879.7295035	796.6008924	574.9977752	578.8572754	660.9253559	355.9394039	421.6782213	639.2056527	1008.890823	730.3543887
Chili_GLEAN_131727	726.7021452	1126.882629	612.0454366	277.949663	321.8261044	309.5925317	363.3484876	504.6335166	671.2591942	573.2996261	684.6486337	1199.676354	659.0671794	760.6836735	49.91630942	91.05643926	623.6554063
Chili_GLEAN_111781	170.2649671	355.5387998	268.7184176	255.4025545	215.8839114	303.0934519	377.2909296	463.684788	421.9360765	232.3113605	258.4315936	288.4876624	195.1510521	194.7237519	248.2015942	395.3644129	261.3646172
Chili_GLEAN_114701	0	0	0	46.04181543	211.1492401	289.9975267	510.2625071	25.33000972	255.8706839	13.01560864	0	0	0.892248594	0.380188983	168.2424746	0	100.5207331
Chili_GLEAN_117233	162.2578677	151.9578794	167.0616887	90.25363177	125.941164	211.5291769	264.8659907	175.2733025	197.0049801	110.8034346	104.7146303	148.9507793	124.1084314	165.7834473	232.9357335	236.5437113	245.6480214
Chili_GLEAN_125946	73.63482214	51.08581811	59.19605919	68.99759197	123.6912687	170.2688306	149.0767441	110.1185896	118.9652395	25.12677244	21.24549899	25.79058507	38.40702097	41.71333194	71.27665013	84.09350146	81.9153245
Chili_GLEAN_122703	424.3401813	213.4668616	696.5755401	31.10108098	71.37283544	161.1637665	228.9201498	244.9293	234.8227528	90.24655537	129.458652	274.3945515	440.3038629	587.4346235	2.796130909	0.80246381	0
Chili_GLEAN_115411	2.406691781	26.58821883	1.625434826	31.02099111	37.89312141	104.012032	74.70866003	59.44651939	52.75371909	19.48745824	24.12102402	15.29364404	2.246754558	1.707699686	69.64948027	8.162076651	76.03626203
Chili_GLEAN_101626	125.9995331	177.6626131	194.8317764	38.49478679	51.12366954	96.80080783	97.0079765	186.1955786	129.8102267	88.36962145	94.01808241	123.1406013	96.10938881	137.0812686	115.0422211	177.453937	123.1940278
Chili_GLEAN_107669	88.02520371	72.57609485	78.3111086	28.45645405	43.5560458	78.90754099	69.67350771	62.91656208	66.39240496	40.01175228	42.85357012	66.16086045	65.05035069	91.95470343	75.31588492	65.39683015	82.02272087
Chili_GLEAN_105742	399.255728	384.5854398	359.6563992	97.84532319	79.52527635	75.96500771	73.29343308	604.052961	553.9684215	148.0958441	357.449381	421.9411298	831.5911945	845.6942056	33.75274239	4.07500053	58.79448066
Chili_GLEAN_131264	95.94533278	86.71155943	81.4760729	42.72129972	49.89447463	74.26619206	98.52842685	107.2987138	105.2024883	65.96859927	63.94248724	84.73975047	61.62060992	79.93318399	120.4417107	89.79734788	125.4369496
Chili_GLEAN_108298	88.21690479	67.78071167	101.8148961	58.34891499	59.75196322	73.67459966	76.86907398	138.6754067	88.11046053	55.01360049	51.86541979	44.53468111	61.87458598	110.489703	95.32735193	116.0645468	94.11157958
Chili_GLEAN_133517	59.88446822	59.78220631	67.04721329	25.98693962	28.67287684	72.76847876	83.63160644	80.01769762	96.08768076	33.75028566	26.30214524	45.99361156	41.50841587	61.81872863	45.84202156	53.66039599	91.65718784
Chili_GLEAN_115796	0	4.78804856	0	2.134809216	5.252716127	66.6794372	50.84789297	11.03710302	13.80591874	1.731459298	0.582991313	0.526842881	0	0	3.425694546	0.892111035	4.88782207
Chili_GLEAN_108299	58.66441114	49.42457399	47.49367047	48.8656808	53.37561406	64.48132442	60.83974676	100.0099455	68.40719708	55.63866339	39.41802319	46.07312415	55.6380453	121.1479471	47.50077892	123.868672	66.35916985
Chili_GLEAN_106087	42.35793084	48.82699719	51.20821733	17.78869074	26.41236498	60.85885119	59.56805504	57.17869938	53.13227285	42.38553391	40.67040063	35.95092082	42.79892502	50.91857201	63.39803582	44.22068644	51.84089849
Chili_GLEAN_112704	74.4461731	104.4092804	67.94082818	586.0492337	516.0279535	56.4930327	85.74667597	98.58463074	137.9444401	36.81169769	57.19850828	94.74016415	177.4894078	69.11825844	91.28665968	313.5697525	376.3845532
Chili_GLEAN_128582	2.854926645	62.81626565	8.353610038	21.53432201	10.85242752	56.27160175	69.42120339	41.76860946	49.88876553	115.6779712	77.75279793	21.2855674	20.03779557	13.57979441	43.86209581	25.08487919	29.6646874
Chili_GLEAN_103543	48.18236555	97.13771709	84.05820101	25.353579	28.10271415	55.64412838	107.6754105	115.5130069	100.5701641	52.29112337	62.40594187	78.37628559	45.90112364	56.52624376	133.6333246	111.6893576	180.6343868
Chili_GLEAN_106537	1.053307179	16.75610615	2.75678133	6.971689325	7.579012508	53.66445473	61.60734594	44.53567885	70.53913013	13.7322634	9.478634629	4.781957029	5.969185047	2.442550341	34.07483239	18.90132789	28.10497691
Chili_GLEAN_123025	3.68005112	33.96037124	12.86292607	7.422373152	21.53270667	51.13664312	37.53625438	24.61487799	37.08347057	16.14554704	31.46198931	9.326852241	26.09566577	11.79966422	21.2016682	54.95631809	40.26093722
Chili_GLEAN_125419	44.34518733	55.23922976	54.8938554	12.0782254	13.97971766	50.85398569	64.55242182	63.50898945	65.80599904	28.81047745	26.78891849	48.98793589	24.7441746	22.10763357	39.36037544	94.73960213	76.47591239
Chili_GLEAN_135123	26.6961487	76.52998629	29.30702825	29.83328322	16.95096435	50.36680104	48.24100965	89.59751762	67.13886518	26.57304713	32.1811205	51.46906681	20.72963519	41.9786989	49.20280268	53.3556607	53.55112188
Chili_GLEAN_107904	40.5356685	36.57272935	37.04502904	22.14563669	24.8489325	49.25142987	42.65866193	28.03107854	30.54231265	29.95635949	28.04390177	26.26832926	34.57177624	25.16293515	54.65024486	25.83266292	43.28993161
Chili_GLEAN_131786	17.91946514	29.92414323	20.70605541	15.11793051	16.59210921	48.26419721	47.03654493	52.26287095	52.99959291	18.4182834	13.03188078	20.04556305	18.03995879	24.84234046	38.48326006	33.37520591	48.74938601
Chili_GLEAN_110128	1.931757039	47.78155898	1.268575078	15.94516713	41.57402165	48.10361429	57.02154985	135.0547528	85.24247481	9.685542096	3.812088654	4.005747523	2.180009337	5.534734657	45.25597299	18.21718118	91.14863323
Chili_GLEAN_107199	33.08517215	55.96834945	32.37551264	32.90878805	35.48823012	45.72425485	42.88265701	54.83950835	49.21905586	39.04367547	38.72879436	45.78844947	55.98529268	52.89084346	35.24560189	57.5923786	54.64322995
Chili_GLEAN_114334	47.29130208	33.87544356	43.37975213	21.41088066	17.65672047	42.85597686	49.80083211	48.60197996	42.59715631	29.99134856	21.10428554	35.88385399	26.16307401	51.86557735	23.76575591	30.20433075	23.86028932
Chili_GLEAN_128018	55.90771321	27.911021	31.53757841	29.00222759	20.11700804	41.64070202	28.98192247	27.47902576	27.99556116	21.26539075	15.23979499	30.82737347	53.21102099	46.80814654	37.67476485	17.87034637	45.90649585
Chili_GLEAN_138639	14.52890761	25.93910886	10.32564072	2.99266664	5.822287755	41.24687129	38.51733215	27.54415479	25.37674474	17.95830246	13.63497274	29.26340671	7.945214751	18.15459651	32.11760609	16.45722215	22.95447702
Chili_GLEAN_120279	50.66064818	14.14852495	40.49218839	17.2913725	45.57578891	40.86579889	70.57259533	18.32549788	41.17011436	9.343655476	5.399040083	19.33075306	192.5223753	67.63555713	60.61513164	74.54233359	51.80171414
Chili_GLEAN_127459	41.94290322	40.01777325	47.7416846	50.69138292	36.72519968	40.38891846	47.64610168	44.39864599	46.85836621	35.91997936	31.02590079	33.10842768	27.2912015	36.49682633	35.03167946	38.13294307	38.04981489
Chili_GLEAN_132920	25.75676052	25.47338562	22.48196944	13.12850587	18.02556764	39.30735056	36.12359964	34.36894812	29.49551392	18.87740365	17.71586936	21.16122673	14.40471447	24.84717418	24.3071483	39.23100114	30.42091067
Chili_GLEAN_120858	0	0.650345178	0.0503601	3.593282394	5.272150329	38.98487772	27.73268476	13.88671561	13.1673274	0.716734558	0.25339465	0.296838858	0.173084731	0	10.18492256	4.662258569	11.64731741
Chili_GLEAN_116703	0	5.051361712	0.063089842	2.108331202	5.915616658	37.58240228	13.30322453	15.6396564	15.48831967	0.869847088	0.687800356	0.265622935	1.084180558	0.73049258	0.874375797	155.0114031	0.612841342
Chili_GLEAN_131872	19.06394802	15.75969944	17.80168922	51.36951654	32.25827701	36.46522746	22.9757687	12.2140155	15.58648042	21.26247173	14.1775323	8.909062982	8.994724883	12.2307295	8.677926446	18.52378349	21.44044305
Chili_GLEAN_119887	83.73547318	33.48222081	71.46205832	24.75269079	28.71037857	35.62505476	48.73682802	41.41148159	53.18357811	26.54003374	31.69700229	31.46874658	34.87842333	53.84053959	52.09062847	44.67154435	65.71765071
Chili_GLEAN_140859	7.134810671	36.06530592	17.24202388	9.388638554	20.00260416	35.37534676	34.86381474	35.94639707	35.71791323	25.41399487	17.90450013	15.5144475	13.42438434	13.47427682	46.84005219	85.81134493	42.0368972
Chili_GLEAN_130274	4.87799026	11.98216681	4.344271258	7.99270043	3.661816198	34.93628711	31.50401981	12.39903176	17.98377886	19.24984489	12.00888773	7.451642144	3.940126938	3.482973442	9.82822429	16.88678821	14.28972013
Chili_GLEAN_120578	6.137228109	6.087661741	7.706659261	15.85858274	18.87723111	34.35228598	19.89415632	4.204610674	10.78308657	6.784493577	4.264165035	2.809828698	2.730653517	3.679686228	21.36980883	2.330412499	3.087045518
Chili_GLEAN_123915	15.08702248	24.22752572	16.37307567	3.46592555	8.616985877	33.3292179	32.02959168	45.36701152	34.97684418	35.27229942	19.95229471	22.83454122	20.00340234	24.21233538	13.39446567	25.32575784	26.27075736
Chili_GLEAN_109076	0	0.074787855	0	2.353769474	4.507577617	33.13157656	16.64097912	0.403265909	2.253969858	0.154542086	0.072849169	0.292591104	0	0.043731415	13.9121585	1.71195307	25.63627953
Chili_GLEAN_132246	113.9524372	26.62365463	79.06812386	13.33048289	16.31520195	32.08050019	28.71363048	40.52257372	19.81422652	9.096277146	9.636654214	41.04228264	24.940844	41.78566765	7.21529071	53.37400887	11.1184524
Chili_GLEAN_129217	126.6505006	66.54244464	105.4532477	27.15128238	46.5165271	31.07036997	47.14273481	59.66442139	45.77890504	23.17885339	25.8359482	71.82578026	44.83812749	84.03739635	36.43473006	114.014427	51.91750027
Chili_GLEAN_130882	49.02777782	26.63920425	20.79506381	10.19769529	13.27091287	29.9533899	35.9890611	27.00338368	44.78542214	26.88805669	15.34146526	12.27534101	21.36774514	36.0465352	34.40685947	20.89519126	33.91438554
Chili_GLEAN_136320	61.31948773	58.41875248	69.92667736	40.38078339	31.2740028	29.55696687	30.04566065	47.27851114	41.45673919	44.53737346	41.06923949	52.82923956	42.4980709	51.14763857	34.89314588	51.25450991	44.29175308
Chili_GLEAN_135258	4.195727073	14.87039795	4.562560897	1.471730595	5.933541661	29.53572342	16.87301894	13.46471479	11.70827459	12.03041238	6.285908887	7.409357203	12.04096452	12.79687058	11.0407735	8.364251232	6.63288761
Chili_GLEAN_106508	0	2.927994245	0.113366015	139.3196267	65.12018151	28.86063546	62.85613054	26.76964881	36.88164143	1.915968044	0.570418679	1.081873974	1.039019713	0.304375818	17.76773331	5.576682274	7.06174962
Chili_GLEAN_120535	11.12530232	21.60220443	8.21511214	3.346967082	7.600473369	28.02935213	22.48531217	25.94935191	24.55031292	11.12001783	8.012518657	11.84247174	9.590646078	9.709747953	26.67617638	16.0424295	27.50864645
Chili_GLEAN_121910	27.40350423	23.46928721	32.01361279	15.23576259	10.90220731	26.52717509	27.59167477	24.31480414	25.01900226	19.06722808	20.86790327	20.48257641	15.77561705	36.97112793	25.59391098	22.72364428	26.34016434
Chili_GLEAN_101517	1.180518191	5.302320443	2.84254786	4.278920432	5.606647468	25.94061511	23.19045903	15.83490804	18.91151348	1.264240123	0.794595568	0.398926297	0	0.953992726	22.37274586	4.776806176	16.21651689
Chili_GLEAN_105383	1.201761449	23.97839949	1.150903054	7.900053096	11.64457551	25.76585341	23.43236069	24.42402268	21.23169852	12.37265333	14.33948814	22.17886637	1.186676033	1.655385835	4.152223595	11.03164259	9.065385596
Chili_GLEAN_112254	10.7274529	31.47815566	11.85769965	7.966243422	9.258308057	25.55354743	28.00082013	35.01227687	27.82088216	13.04935979	11.66105685	19.42002684	18.46313243	20.68326709	17.76319538	17.11813007	17.75571563
Chili_GLEAN_126818	47.04049584	33.71295366	56.44541339	18.9642114	21.143533	25.48029522	26.04119458	37.68241277	27.29799065	21.67211733	25.8363826	31.36323051	25.37247201	29.74453392	42.19883379	34.10988706	26.32128176
Chili_GLEAN_113447	10.24967558	35.2400374	13.54390451	12.77635301	15.06945066	25.00401684	42.49835252	31.57666955	57.66899169	27.84302952	17.66806615	25.59698849	12.67183858	11.51525337	46.65661631	20.69097862	44.82874335
Chili_GLEAN_139485	18.66494977	25.89428424	31.97866343	17.48575052	11.64457551	24.96753985	32.38106454	25.03627352	22.77048447	17.22100059	15.65568024	30.42082556	21.23913376	24.36548989	11.88962904	35.96688582	14.87205037
Chili_GLEAN_129620	30.10321386	29.20709622	19.92873228	26.20373665	31.3053443	24.06410135	23.6461244	20.91240572	26.82557075	17.97419653	20.36582988	16.93702298	24.29143858	30.05077086	14.84467637	29.39718267	34.47200829
Chili_GLEAN_128941	6.37479823	16.79408033	8.154559174	4.187993373	6.40451653	23.69876454	22.72776477	11.28237198	14.68006234	7.822485759	7.77710412	4.577679253	13.32644249	11.1080528	12.14694191	12.31113228	10.50238611
Chili_GLEAN_126416	5.106693205	7.246943176	4.910272191	13.416486	15.73895851	23.64520251	24.82040879	19.88302565	14.82418637	10.71749368	6.816861008	7.67868778	6.098165902	3.988305073	43.08087157	17.05782076	27.82822161
Chili_GLEAN_101499	19.27605911	19.96281858	19.90874273	22.18405149	21.53754948	23.59554561	27.09501002	21.92946397	22.74824302	15.07191563	13.76485891	15.88785973	14.30585815	16.82263305	24.38912234	10.58209375	24.53920834
Chili_GLEAN_122538	0	42.60314741	0.933683604	7.08364346	8.669683956	23.44645076	21.6214246	18.72448979	18.82178732	4.484822625	4.541374668	4.71723066	0.160450809	0	20.51249216	4.107989917	5.700894278
Chili_GLEAN_126543	29.7632089	21.78057251	21.57938664	21.7982739	14.16476666	23.40105778	29.454833	24.51686649	27.00400407	8.789345314	10.19128344	23.28737791	13.44278602	26.18662386	30.22798395	50.90761533	45.41714359
Chili_GLEAN_100791	26.01010571	29.36669784	23.76556408	3.156580647	7.126734738	22.96382321	18.81848724	43.48109993	27.62321067	12.18644577	22.27472821	9.06412864	10.57046421	22.37973099	29.99510689	13.07036683	13.83828601
Chili_GLEAN_116032	44.70555831	24.0510641	46.61103702	11.2445458	10.02055459	22.78994386	27.65545611	27.13548781	39.54582655	15.93617816	19.28957371	16.61995609	19.69878862	40.96790127	27.90026597	23.24102406	29.98800597
Chili_GLEAN_115205	51.58202307	21.13038993	41.41762675	4.603356952	4.504671377	21.86257671	17.51447255	25.26847027	10.91344303	5.502012139	9.544368425	31.33384729	23.34233401	25.30940856	7.416816432	0.725718399	15.38148792
Chili_GLEAN_128009	1.218890675	25.94151893	5.136152443	119.8163173	112.9724209	21.84265811	39.50802867	41.87318894	34.90313267	25.80210147	17.55706765	13.13939653	8.616177755	8.914268549	18.27910436	30.98239973	18.46324738
Chili_GLEAN_141590	9635.412849	140.2187132	3911.233279	10.0660544	35.43332878	21.84006721	13.51157742	38.09784805	16.51480682	24.33349305	253.9794922	1851.973859	2852.405517	2524.264753	19.24268025	53.63265548	2.733852192
Chili_GLEAN_137421	34.71988322	24.8764773	35.06232026	13.30667845	9.461217602	21.56393498	20.42703551	19.51086883	14.36093055	15.03542717	15.32434309	38.27555342	17.95831352	29.32249963	29.31211851	15.38891535	23.13905993
Chili_GLEAN_118272	31.7016993	19.04866887	29.45494188	14.11349864	11.70751916	21.27952416	24.47292516	21.69810371	19.32041107	14.39183621	18.32294428	19.09670963	21.15001851	24.22625852	28.67707542	16.22470973	20.46905857
Chili_GLEAN_130273	4.21157841	7.3857686	3.738846735	5.319738916	2.54105852	21.00875539	18.00756018	8.916051822	12.47137646	12.36905201	9.406293478	5.304641565	2.266387751	2.088470562	12.93465448	11.40799903	6.704564324
Chili_GLEAN_124167	12.07019619	28.39280225	21.49314249	23.34194758	12.7535827	20.7835259	23.83666099	22.29813581	27.61466917	24.69138362	24.95678732	20.14984865	42.991539	31.18972136	11.07718917	36.37108079	14.8122184
Chili_GLEAN_110909	5.666487315	27.42214622	10.04879081	18.23513983	11.12004508	20.75732725	21.08837168	17.24721064	17.20436605	38.00920844	28.21888043	19.67892639	16.51602569	13.64467434	4.684868757	19.39359834	4.861401411
Chili_GLEAN_104383	12.29191864	22.09279268	13.93285767	14.29027765	10.28305591	20.58460058	22.04465824	25.61600892	25.25559889	21.67102069	17.52633332	19.1889686	10.21306425	24.29159016	17.57644817	21.17695135	21.04573493
Chili_GLEAN_118951	10.51346362	12.88809646	11.80563407	5.452264741	10.21531743	19.60163741	16.03965731	14.59945375	13.02033411	8.206133317	6.389274161	8.998046419	9.788262663	12.47452144	18.24212224	9.661039877	12.54301939
Chili_GLEAN_127288	0.036827257	1.164234338	0.066506752	5.826599278	1.049424483	19.10781399	17.50878111	5.16624166	16.70325833	2.346622481	2.621339104	0.634686898	0.438111351	0.066961361	4.57451932	3.617036471	6.870504251
Chili_GLEAN_127458	17.03955502	16.62265915	25.24504298	21.7982739	15.33568624	18.04535177	14.35856288	19.22596853	15.07747174	11.46403402	13.92491252	13.33166522	9.41482963	13.55929661	23.29041386	21.41451222	14.64696314
Chili_GLEAN_111819	21.6410201	18.87859147	23.93241908	1.81016081	5.258840553	17.80763663	19.86520533	14.12006776	15.53010001	7.13101341	11.17194045	34.54664961	19.24670301	23.62121159	32.19416165	9.401523006	18.8684395
Chili_GLEAN_133937	2.585120939	7.411353855	7.107595944	3.090126317	5.545992823	17.77508276	17.49558292	14.63260268	16.10252552	11.09346165	7.200722389	6.022100505	14.11081108	10.11199365	18.85363556	13.41432385	9.515948767
Chili_GLEAN_123408	1.161165433	9.267359563	4.240522218	2.104387098	7.67820826	17.5528074	17.19544755	16.4406149	13.53258301	4.227950574	2.11023741	2.58975104	1.601585487	1.079106526	10.04620805	15.46232938	9.742843111
Chili_GLEAN_126619	3.773245058	9.057018959	3.825484971	13.60456758	9.93960651	17.07917392	12.67889582	6.659540763	11.05528195	10.13755164	7.218195251	8.992618947	9.450102778	9.629085457	3.845457741	9.277637144	6.045864847
Chili_GLEAN_129255	1.422549117	28.98271905	6.636576176	9.909550039	12.22924039	17.02738832	12.09158147	7.702125771	14.20737341	64.6508066	42.45933053	8.472593646	51.96525045	30.06873307	8.57140309	2.501963524	5.396947778
Chili_GLEAN_123733	27.9967442	31.21081512	40.25371093	22.66813867	12.91388943	16.71153861	16.09297804	27.35461601	19.84364495	23.72697102	20.64065548	35.42692391	44.48441643	37.47699386	7.592811134	19.89341168	8.412564801
Chili_GLEAN_113979	12.58985869	15.42405198	16.72632762	8.593392726	8.592337616	16.6982922	16.60280181	14.63671767	14.84862453	15.50851236	13.77220389	9.865435477	16.30694422	16.86613846	23.27619954	11.80606911	15.56754408
Chili_GLEAN_102526	22.22039885	17.17004511	20.28753916	4.782728806	5.258840553	16.2309188	14.69544286	12.25928364	12.97116308	11.62285274	8.996872396	11.87127447	12.40905852	16.89490343	13.20243032	12.41829524	12.34264973
Chili_GLEAN_102534	7.189748664	12.51342453	11.18999823	6.527218482	7.455480992	16.19038009	14.45516467	14.53938168	12.31009155	11.3420972	9.435035327	8.577547589	6.113786089	6.123091188	16.5760727	15.84067658	9.845767203
Chili_GLEAN_130704	11.0791291	12.70576493	14.49206481	4.567809396	5.869404534	15.60780163	14.70000818	12.35672014	12.6914839	11.39131505	10.59062694	15.11677011	13.57024309	12.26845674	12.11468164	7.7262267	12.28513259
Chili_GLEAN_108324	8.775784786	12.0810874	10.58604031	14.95323132	15.80001745	15.57168578	18.26940672	16.45712976	16.5221719	9.562400029	9.66896002	9.414916526	8.954879303	10.0593828	14.8694007	17.60143555	18.58086178
Chili_GLEAN_101204	52.88721494	24.00999462	73.02189614	56.48174971	40.19534954	15.32583468	27.14472961	25.27720505	26.25548455	16.63178117	14.88542364	25.79723385	24.3970407	24.99460942	21.85395755	35.26151468	17.23918012
Chili_GLEAN_140936	25.14503746	24.59460944	14.92337627	11.16798233	8.539355374	15.29601788	20.87141313	21.77299855	12.7652716	9.102528883	13.58758421	48.11051137	14.28814453	20.17694615	23.63729237	9.37991031	11.04476285
Chili_GLEAN_118273	13.61428771	13.7298847	13.40058277	4.151108523	3.88152517	15.21237595	10.16464925	14.75525522	9.670660302	10.29452671	7.615734143	13.47541945	12.84648359	15.7222957	10.06205086	7.664320654	8.452624633
Chili_GLEAN_139419	0.682317853	2.828902085	2.699116546	1.695865713	4.486900655	14.9562705	10.82603292	6.428391565	8.783443761	2.40089638	0.7873057	1.7786989	1.613340243	1.772325936	8.07185825	5.163253382	6.188251796
Chili_GLEAN_122421	6.180119863	10.78407584	7.47366516	11.26350913	5.04229242	14.59116112	13.19640575	10.8291884	10.73518519	6.756090474	8.223755079	7.801301976	5.889667978	7.40230743	12.74593265	10.62029603	8.591431779
Chili_GLEAN_133841	9.499843162	10.75905918	10.40686538	5.357759865	4.823989854	14.06296114	15.53300928	13.81682281	12.82403004	5.158798015	5.752359858	8.378829419	6.551525949	8.091922189	8.507732772	12.14315201	5.991733917
Chili_GLEAN_116463	2.631290286	8.571653219	3.620477191	37.79698207	11.94750411	14.02351384	14.73512077	11.02346876	7.890292747	21.59601025	11.36329541	4.147006975	4.025795944	2.492690671	8.882090437	15.5193105	11.42731522
Chili_GLEAN_138250	9.892544031	5.774627978	10.79212709	8.271620641	4.383840192	13.76032745	10.72577468	11.85622106	6.093003587	3.327395012	4.579274289	4.308404003	12.59795031	10.25983101	7.636324145	11.19283415	7.438309677
Chili_GLEAN_112596	2.027607579	17.82177464	6.932778941	9.96563835	2.577806792	13.6428926	19.85419217	18.58486344	24.06887088	21.45347933	16.70470377	11.09989581	15.35367263	21.33375336	17.74300572	10.11383459	10.3883402
Chili_GLEAN_136631	14.8046618	15.89447549	19.28871762	10.42659387	13.05723943	13.59554758	13.50198036	14.59612271	12.98236805	11.7780738	15.88380324	10.69773783	14.08128669	14.5143179	22.22882181	20.53849409	17.723678
Chili_GLEAN_129985	18.1436565	22.36386989	14.95617489	19.5513749	8.599071146	13.37627474	16.6724306	16.26123248	14.92554833	18.55515503	10.39697739	24.02763771	12.34360415	24.76711884	8.081125596	12.26603656	6.736091631
Chili_GLEAN_113669	13.07215616	14.63446959	13.79638742	8.307145127	6.806882355	12.89586482	11.14332079	11.32269722	9.314738796	20.78673373	16.35480824	12.89365912	12.48364978	10.99251139	8.375693922	10.63202217	7.500438156
Chili_GLEAN_127337	4.493249854	10.96399842	6.085807313	9.330685524	5.676944301	12.83829926	12.51860428	13.14925183	11.05948641	11.06070874	6.237750228	6.895977039	6.262058146	5.522231021	11.14566405	13.60155864	11.81629758
Chili_GLEAN_132178	9.312976838	13.32377957	18.47656109	5.776542584	6.253568329	12.15034558	8.919407319	15.9082178	14.81401889	7.936618547	7.813523083	12.83212921	10.85519052	10.65291877	4.134094344	15.99506311	4.748079269
Chili_GLEAN_129983	0.621065937	0.597756376	0.907953701	8.924095014	2.868601065	11.94975136	9.95472892	3.124005865	5.6497653	2.945494732	1.254100729	0.809512234	0.963709764	0.914160044	5.20886749	0.734335358	3.014004775
Chili_GLEAN_133133	5.732956375	7.234025274	4.651441953	9.554164273	5.463730444	11.40295823	10.59343098	9.473082813	15.79749154	11.87866672	7.046501457	6.254134843	16.82474948	6.949319446	11.93802645	10.93405967	7.079382977
Chili_GLEAN_106909	10.258296	25.44269942	16.32014547	3.585440224	7.629204644	11.24298955	12.04119988	11.05713406	18.04745295	17.65576723	11.0969381	17.45646449	19.70778555	23.98140335	2.264108464	25.06700169	6.120866114
Chili_GLEAN_111569	32.17755297	11.51594079	24.92508395	9.70459154	6.188260128	11.17874389	15.68796327	9.02589758	14.15121537	9.947763708	7.968658408	25.41958362	8.604289231	13.68843277	4.127146286	10.45190006	4.801090792
Chili_GLEAN_140142	13.04523928	15.81971244	11.47894979	4.420310847	15.87712556	11.17274349	13.73743847	17.96917825	18.51519394	6.450922643	9.626352565	23.78988297	9.519058159	9.989548178	70.61498357	15.49724312	31.44670368
Chili_GLEAN_115130	7.42124752	8.964959264	6.235035884	1.103058383	6.67076185	10.80147255	7.563567764	9.011574548	8.53156343	5.717668896	4.312377956	7.57759498	7.621816562	7.313145242	10.22830909	5.715146357	5.887104393
Chili_GLEAN_107826	10.72038141	9.226698983	12.10003481	13.32247659	9.126829453	10.33514721	6.183318858	10.05730646	8.050171278	5.432815662	4.638720071	12.61469641	4.752813148	14.61929393	8.991162262	8.66162889	7.036238884
Chili_GLEAN_105268	0.293963028	7.747933125	1.011183033	1.301434495	4.372469065	9.402898445	7.424613365	11.05470605	12.15980417	6.363675084	4.515532718	4.236029627	2.172110752	2.417975634	58.78180414	7.484464007	14.42959913
Chili_GLEAN_118011	1.303024795	2.077832394	3.499551847	8.392335452	5.712433269	9.113814028	9.996467825	5.153814408	6.262208709	2.57618742	1.720374366	2.743559153	2.384813673	0.607495368	3.468785043	3.539588796	0.893107508
Chili_GLEAN_106959	18.73877362	13.26081275	23.47923039	9.172581796	2.487404598	9.108214804	10.19746228	3.120584429	3.957475505	21.16467018	24.90133331	8.633096868	6.627770981	5.112607519	7.298218815	1.086048216	4.205540271
Chili_GLEAN_106650	55.40192476	44.51691134	43.95670644	1.555777055	5.430263392	8.823467459	11.74092058	27.01016732	8.563237057	10.12968457	17.86948337	44.72252285	40.07148916	47.40463605	28.62149284	20.17499412	10.59423726
Chili_GLEAN_104954	3.427310876	7.104846251	3.301023321	4.472162	2.253788808	8.764696152	3.884258026	5.171885286	1.647131819	2.93629964	1.903184545	3.300793389	2.481811704	3.946760229	17.1560993	5.862443944	2.29038861
Chili_GLEAN_122793	0	0.728099946	0.21142918	1.909600854	1.347306257	8.682602579	1.990280972	0.687051795	0.527490562	2.915066068	3.457475756	0.445083058	0.817503501	1.170809254	1.302330158	0.581399399	0.391195851
Chili_GLEAN_106976	217.552638	44.31224942	204.6126861	12.14907766	33.17779848	8.385974713	8.075249126	19.13384721	20.05971251	27.09085977	20.85813365	74.41400168	243.0641924	101.8046523	10.26575528	0.465273329	11.36408423
Chili_GLEAN_109080	1.998497206	5.93428533	3.590694454	2.744134913	3.687821419	7.104095584	6.471278247	8.303068981	6.964545973	5.088505829	4.678924909	2.548036437	5.569275292	5.83382116	13.73044894	3.640116345	6.689092392
Chili_GLEAN_129785	6.528143892	8.128823061	6.646287162	5.288216303	6.770660399	7.021395075	8.044018065	6.268664624	8.475087536	5.536589733	6.192930405	5.996232375	6.209280889	6.054411567	9.639033313	10.05681105	5.319053687
Chili_GLEAN_141299	2.191010848	6.488550259	2.428494244	2.382469282	1.219726404	6.956927762	7.804116453	7.580541081	6.76914566	3.389239478	2.984610193	7.298196634	3.058019098	2.698035074	10.10140699	2.41789832	4.919399868
Chili_GLEAN_129924	2.792768748	3.52400374	3.947080743	10.43078547	4.391668478	6.900459192	8.532050201	6.786389158	8.899217914	5.46151733	3.432652853	2.708139659	6.40611315	6.034685414	1.951014608	4.823953874	1.62290393
Chili_GLEAN_124855	12.77161649	5.820083898	7.555580582	2.873306156	4.102751993	6.882582355	3.618598928	7.50722324	4.365326039	4.362610993	4.446441519	5.469217517	4.214119948	5.338404891	8.981354613	4.495552869	5.640922553
Chili_GLEAN_139375	12.72970629	9.380392172	17.24153835	8.615249157	4.9048914	6.744364562	7.288589007	7.225757567	6.45233697	7.029253973	8.434365434	8.771399725	22.18751832	19.81060401	13.60301797	8.560448567	11.33522018
Chili_GLEAN_117455	14.32019892	47.48148156	19.74334872	9.167121926	18.01533965	6.650442555	16.66571868	11.48891425	29.41562586	19.58198016	16.79014982	22.28350259	16.36685452	10.49910473	65.13577546	39.25288554	38.8881984
Chili_GLEAN_108319	4.670450563	5.423883778	5.56406664	2.419633487	2.170795434	6.586801956	5.293139648	7.188574477	5.170742926	3.011481075	4.147624276	3.891941476	3.364297109	3.734733318	8.522844198	5.936652095	4.466565284
Chili_GLEAN_136345	2.710373397	28.71119119	10.24622481	3.831380285	1.901155185	6.345958007	5.897730554	9.634248894	4.884670255	50.62120654	34.69869115	14.39798277	27.92580838	15.04728833	3.684952041	2.991042828	2.898042731
Chili_GLEAN_122794	0	1.078147998	0	5.009029933	1.465750763	6.249017241	2.020900679	0.166100434	0.178535267	3.660107768	6.451226952	0.90386098	2.152060499	1.260871505	6.060844197	0.81992223	0.993035621
Chili_GLEAN_139589	0.485587921	1.389146813	1.23939244	4.646579043	1.852062284	6.004787158	2.927750611	2.822492749	2.123655787	2.600128223	1.882624965	0.452894388	2.591999218	4.285119063	3.673071026	4.822851508	4.391656162
Chili_GLEAN_114075	5.272389513	3.808838629	4.039410117	2.084767248	3.677234371	5.810913004	6.156402946	7.322156723	4.607015314	7.699507514	1.935706496	2.915461355	6.941608677	5.035360102	2.36965337	4.407852589	3.381049853
Chili_GLEAN_128804	22.05927937	13.64629625	24.81811966	13.72900255	3.74227763	5.740068073	8.351445059	10.24298423	7.804179498	9.609358779	9.700836024	12.02682283	10.36658525	15.03501092	8.597520393	4.381497716	4.811299642
Chili_GLEAN_135905	3.269127297	6.408618842	4.406424526	4.67532878	3.349275899	5.533060506	7.409969157	7.030381411	11.56986155	9.361296426	5.130323557	4.214743046	7.278241873	8.270064031	7.466257344	5.88205078	4.274370717
Chili_GLEAN_129784	5.291334499	7.022471222	8.055758165	5.144852156	5.277646871	5.441271181	4.664180191	7.510628317	5.583755166	4.227459066	5.681515344	3.859966696	4.720720701	4.615364017	13.32214546	9.175999216	5.986997369
Chili_GLEAN_111103	1.086922119	3.830438848	2.028314202	45.3259147	35.7973907	5.435655834	6.651916047	7.532718401	20.50278917	14.43367751	5.76132592	1.928313812	1.405483428	0.658767355	2.418137327	2.458927895	2.481742475
Chili_GLEAN_116914	2.44689225	2.536214813	3.876201627	3.500934899	1.552610068	5.415814942	3.065032697	3.310935317	1.083113954	2.344590773	0.390074188	0.522230788	3.730238198	3.434373813	3.183473719	3.410876476	2.008138701
Chili_GLEAN_113102	5.51848205	3.747541291	5.536604414	15.62253009	4.223331118	5.298934708	4.43906921	3.811013315	2.953159847	6.079674142	4.498952666	2.507876957	2.854348045	3.383114502	3.371156125	2.974971553	1.71323347
Chili_GLEAN_124854	9.954639878	4.828308428	6.222875045	1.457145877	3.14718257	5.221969119	4.049893053	3.28110707	4.523429575	2.733492157	3.607893389	6.145621326	4.290734092	5.723956355	4.101231909	3.591407101	5.472630243
Chili_GLEAN_107623	2.209088495	7.741468613	5.572519567	4.003544365	2.075270883	5.141183705	4.291912829	6.819985144	4.802775453	5.29478784	5.310415923	3.625884557	2.285232559	4.335471893	7.54105037	6.500927937	4.100778287
Chili_GLEAN_138472	1.54796425	5.74692663	2.338042677	5.172109651	2.992116091	5.022254737	4.944068825	2.768487233	3.550605345	5.395207517	6.422016099	2.311130624	6.987579595	5.595072569	1.878460321	3.696057374	3.479570511
Chili_GLEAN_116623	12.29982668	26.54419664	9.006517734	3.293752143	19.31540819	4.903350053	12.63935884	29.44677283	25.58568476	6.242014947	7.043240195	18.65734347	8.545824937	8.678655208	57.85946296	73.59076501	26.63215727
Chili_GLEAN_106570	3.763718512	5.445300983	3.492872463	3.581030089	2.835948279	4.81249737	3.465732807	6.047649379	3.956763152	6.633761824	3.641652012	5.643850262	4.136788935	7.983968643	4.361124053	5.278362813	9.082672668
Chili_GLEAN_114829	1.641993483	3.720894101	1.240384521	3.956056436	1.887832696	4.757134746	5.199609039	4.69648977	8.858324837	3.120374484	2.437963674	3.476098684	1.998341892	2.829455698	5.451698745	7.159287604	6.2037142
Chili_GLEAN_107064	0.149995252	1.865649039	0.120390262	1.33200276	1.506945066	3.864257148	3.201542556	2.682619714	1.862227857	0.401582157	0.176680662	0.25343553	0.15516537	0.121213193	9.980190111	7.228048533	3.090677336
Chili_GLEAN_139357	0.124996044	1.29558961	0.451463484	2.990210279	4.79482521	3.693775215	5.099802302	3.073835089	8.860600286	6.425314505	6.183823154	1.520613178	1.163740278	0	5.09823953	1.379398575	11.13757599
Chili_GLEAN_131213	1.223446125	1.535077387	3.100961302	5.601495839	5.645854793	3.586147732	3.648848449	1.799421368	1.547305648	0.827502626	0.910173105	2.023644304	7.860144774	1.561079006	13.52976331	1.136958825	9.180062632
Chili_GLEAN_104828	0.574306147	2.976354511	2.420006962	1.24898218	1.888309542	3.263730699	4.881567519	2.567822925	2.415051384	3.690214412	0.579840009	3.784408922	2.079355752	1.740392135	7.453200296	1.267555447	4.157777522
Chili_GLEAN_140140	9.30270095	6.80035284	7.780983543	2.023120905	6.117426765	3.005038681	6.103834041	11.16470474	10.94166137	3.250903172	3.658068996	11.51554987	3.849340603	6.053677343	70.43985744	7.24025335	27.26653107
Chili_GLEAN_119249	8.901233416	6.792030382	26.22136395	29.11954087	16.89605074	2.884416543	7.855756072	2.921413515	5.051497852	3.894130003	3.671286474	2.150362069	4.937079968	14.55476603	8.286394829	5.057794775	4.893783388
Chili_GLEAN_136037	1.56133051	2.605110292	1.42127393	0.993813778	0.542578787	2.813359259	2.244237971	2.000646983	1.784392804	3.180991276	1.653271423	1.351201972	1.339390444	1.707954719	2.494576853	0.924543131	0.97553589
Chili_GLEAN_140017	5.447010694	3.598454524	7.422653145	2.08280972	8.003595562	2.789340547	2.713509832	2.408690236	1.150672369	1.666660218	1.510850727	4.975903215	5.325158957	7.618505289	5.474678044	5.945013577	9.400271
Chili_GLEAN_107823	0	0	0	1.142612819	1.791473155	2.786723905	1.455529656	0.522029935	0	0.375104212	0.117879562	0	0	0.141526393	2.453198842	0.128844922	1.690524927
Chili_GLEAN_139871	0	1.011353114	0.391575471	1.650440738	2.495266181	2.710894683	2.273083651	3.817343901	1.107191924	0.290259212	0.218919187	0	0.336455523	0	18.29076195	17.58733183	9.841270109
Chili_GLEAN_109034	0	0	0	0	0	2.527493774	1.400139521	1.657141539	2.671801032	0.793825193	0	0.250488605	0.76680561	0.599018688	0	1.908702679	0.275201732
Chili_GLEAN_111432	0.220200284	0	0	0.23944218	0.241338353	2.50275722	1.49735128	0.246138467	0.264565214	0.23581681	0.222322076	0	0	0	0.544324522	0.972011431	1.226287512
Chili_GLEAN_109033	0.928633847	2.038305505	3.682889773	0.415792268	0.83816996	2.48345575	2.476339307	4.457384139	4.462922718	2.690978976	2.040619466	2.270495683	18.19569918	13.37551755	2.025474924	1.386490598	1.764403908
Chili_GLEAN_133807	1.94973882	4.012537504	4.830819369	2.365924356	4.057019659	2.472970415	2.369810615	3.50600025	2.953666567	2.451146408	1.483526831	1.460961464	2.718489036	3.562249434	5.902338076	1.091412436	5.853892166
Chili_GLEAN_110459	0	0.373305481	0	0.391630006	0.394731373	2.456095645	4.081762671	0	0.432721071	0.385700376	0.36362848	0	0	0.436572942	0	0.397453827	1.203424524
Chili_GLEAN_140496	1.103861165	1.001137426	1.993475123	1.350360604	0.45368476	2.35242927	2.658446727	2.005069524	1.326261984	2.068756564	0.55724884	1.398832469	2.426558011	2.007101579	0.511629705	1.065898899	0.153684084
Chili_GLEAN_124166	1.957174895	8.404285236	11.10837782	3.242971275	2.757925779	2.330418236	1.901242086	1.771009451	3.0233538	6.088314275	12.42078335	4.062749389	33.74393107	5.987559608	1.382297799	1.234198725	1.868474919
Chili_GLEAN_117989	24.88514391	10.04944032	20.67061894	1.537482817	2.346625483	1.83662412	3.342234187	14.13401012	7.037887383	2.422726319	3.344552447	9.665240919	9.90432949	13.4665323	3.595025455	6.330547833	1.709808481
Chili_GLEAN_133411	0.268978828	0.557595529	0	0	1.17919752	1.834299279	0.91452151	0.601325622	0.969514299	2.01638298	0.814711911	0.818051393	0.278250137	1.630240734	0.332451369	0.296832605	0
Chili_GLEAN_112804	0	0.417041863	0.030275658	3.582140016	3.031723801	1.686325235	1.282494662	2.051979207	6.072945778	1.992861353	0.482399439	0.05098703	0.208111345	0.182895647	2.17568766	4.689955155	0.336104364
Chili_GLEAN_102115	2.095004113	2.481692775	2.702422261	0.976317056	0.820040529	1.615776536	2.374321103	3.679943417	1.887821856	1.682685797	2.039648482	2.503122044	1.548011325	2.539501763	4.438928144	3.385354953	1.583378981
Chili_GLEAN_122781	0.685462175	2.131453875	0.412627915	0	0	1.558168205	1.165277408	1.915513069	0.82356591	0.367037455	0.346033554	0.694903871	0.709089058	0.415448445	0.84721478	0.37822219	0
Chili_GLEAN_138397	1.22686648	4.069288384	1.536157504	1.17398556	3.603633068	1.505989362	4.838726973	1.48109417	2.535365722	3.153300999	2.378281422	2.786034921	0.81225906	0.713842132	23.5341787	2.707826302	14.70327223
Chili_GLEAN_138976	0.521455888	0.810737057	2.040356439	0.567022585	0.142878227	1.481693692	1.18195827	1.311480113	1.566290994	1.256484048	0.789720748	0.396478896	0.674287141	0.474070005	1.450140636	1.007045585	1.30678614
Chili_GLEAN_132269	0	0	0	1.835147102	0.084076357	1.395038682	3.651482996	27.18230603	114.3805202	7.475903685	0	0	0	0	0.758517204	4.571436433	2.648692484
Chili_GLEAN_111864	0.782375826	1.524559792	0.828902027	0.136118824	0.445889489	1.316066959	0.60294668	1.539181046	1.804810123	0.837861642	0.789914592	0.761426333	0.388484727	1.669136021	2.514194083	0.483500531	1.150254074
Chili_GLEAN_123007	0	7.276123794	0	11.34678007	3.327021574	1.293836099	0.860085706	0	0.227951279	18.48951179	12.64258305	1.346376251	0.588797165	0.459960779	0	0.628118994	0.633946847
Chili_GLEAN_106120	0.353314233	3.295906111	0.364602338	0.493956135	0.38723054	1.204711997	2.516925391	2.25675649	1.637350751	1.675643678	0.713437351	0.409349549	0.522132086	0.856554039	0.873375807	2.339407559	0.224867924
Chili_GLEAN_138202	0	0.358130461	0.207991307	3.287463259	1.751419894	0.981772649	0.783167472	0	0.934044263	0.462526874	0.174423417	0.262707561	0.268070254	0.628239112	0.320288514	0.238310729	0.288626207
Chili_GLEAN_100789	0	2.159316017	0.501626093	0	1.36995006	0.94712185	0	1.397197768	0	0	0.841336484	0	0	0.505054972	1.02994738	0.459799525	0
Chili_GLEAN_111365	0	3.620551788	0	2.215660169	3.509324126	0.827109835	2.30927121	0.813437057	6.295202432	0.779326103	0.587783023	0.295096165	0.301120011	0.705693249	1.978768767	4.818447077	20.10103611
Chili_GLEAN_103196	0.252110664	0.485297125	0.0433609	1.840661027	0.671043334	0.736828693	0.448993894	1.409038427	0.822170035	0.385700376	0.436354176	0.511166577	0.447086661	0.174629177	0.08902935	1.311597628	0.802283016
Chili_GLEAN_134672	1.404140579	1.067291882	2.70480325	38.42545948	12.82442237	0.691565844	1.803527735	0.732451693	0.731050796	1.303225501	0.756090937	1.233683966	1.35570331	0.737558253	2.140430293	0.206605954	1.668183188
Chili_GLEAN_139358	0.607123641	0	0	0	0	0.690045919	1.032102847	1.017958374	0	0.650180634	0	0	0	0	0	0.334996797	3.042944868
Chili_GLEAN_129509	0.771427729	1.017657846	0.759889032	0	0.115292827	0.557957922	0.635838938	0.705515705	0.800462575	0.525723615	0.424833274	0.639861981	0.217641196	0.935101781	1.126823619	0.270871997	0.702990564
Chili_GLEAN_140676	0	0	0	0	0.215640287	0.447251985	0	0	0	0	0	0.199463148	0	0	0	0	0.87656848
Chili_GLEAN_115293	1.567059545	12.60429066	2.905436087	0.170399486	0.103049341	0.356218395	0.426237164	5.430112269	2.296995774	79.04297758	26.07398553	4.511750505	3.469097945	1.595616152	0.077473918	0	0
Chili_GLEAN_105535	0.199836935	0.345219802	0	86.95597958	113.0874449	0.264986286	0.150986832	0.14891763	0.160066102	0	0	0.033764922	0.068908341	0	0.288159259	0	0.074192317
Chili_GLEAN_109088	0.67592294	0.525447874	0.661189065	3.812747789	0.092600998	0.240075618	0.239387672	0.377771166	0.456808924	0.678617958	0.426522472	0.599579086	0.961428902	1.075375498	0.156642097	2.470851125	0.988100057
Chili_GLEAN_103293	3.198524417	3.11348498	8.773203998	0.362924141	1.432709552	0.158060256	0.189128794	0.435252708	2.071850364	2.502004012	4.18410729	3.242581547	33.28913254	6.978881341	0.756283351	15.80711325	1.208150013
Chili_GLEAN_111624	0	0	0	0	0	0.150009982	0	0	0	0	0	0	0	0.319972715	0	0.145650781	0
Chili_GLEAN_100376	0.032050268	0	0	7.736907714	12.54031209	0.10928329	0.108970135	0.143302335	0	0.137293045	0.097077287	0.097475204	0.066309987	0	0.198066804	0.176845971	0.142789436
Chili_GLEAN_105513	0	0.147324571	0	0	0	0.107699475	0.214781715	0.39719669	0.170772864	0.050738734	0.047835185	0.144093779	0	0.057431	0.322073846	2.718814583	0.290235049
Chili_GLEAN_107401	0.033254034	0	0	0.072319782	0.218677474	0.075591885	0.150750546	0.074342291	0.159815607	0	0.100723382	0	0.103200755	0.161238207	0.041101187	1.541299816	0
Chili_GLEAN_138616	1.028193263	1.065726938	1.237883746	0	0	0	0	3.831026138	0	0	0.346033554	0.347451936	2.127267175	0.415448445	0	0.75644438	0.76346287
Chili_GLEAN_138395	0	0	0.604321199	0	0	0	0	0	0	0.08959182	0	0	0	0	0	286.7519825	0
Chili_GLEAN_136601	0	0.395659103	0.919147212	5.534412056	0.278911988	0	0.43261796	1.422297129	0.917265025	1.090123219	0	0.515976527	0	0	0	1.544596009	1.70064783
Chili_GLEAN_135155	0.051576037	1.069175892	0.434661445	0.392580564	0.282635328	0	0.17535728	1.09537592	0.309836689	1.325611002	0.468657095	0.104572913	0.106707577	0.250075763	0.063746743	0.113833863	0
Chili_GLEAN_134703	0	0	0	0	0	0	0	0	0.089896279	0	0	0	0	0	0	0	0
Chili_GLEAN_133581	0	0	1.162860488	0	0	0	0	0	0	0.344792761	0.97518547	0	0.666113964	0.390269751	0	0	0
Chili_GLEAN_131476	0.191435382	0	0	0	0.419624343	0	0	0	0.460009787	0	0.193280003	0	0	0	0	0	0
Chili_GLEAN_130761	0	0	0	0	0.170616491	0	0	0.609034924	0	0	0	0	0	0.188701858	0	0.257689844	0
Chili_GLEAN_126482	0	0.145861082	0	0	0	0	0	0	0	0	0	0	0	0	0	0	0
Chili_GLEAN_126033	0	0	0	0	0	0	0	0.805164815	0.649081607	0.385700376	0	0	0	0	0	0	0
Chili_GLEAN_122198	0	0	0.237428592	0	0.216140613	0	0	0	0	0.052798891	0	0	0	0	0.121873124	4.624665756	0.109825285
Chili_GLEAN_120108	0	0.181275913	0.140372734	0.031695707	0	0	0.033034842	0	0	0	0	0	0	0.211998384	0.072053932	0.289503405	0.064930999
Chili_GLEAN_118012	0	0	2.459897187	0	0.895736578	0	0	0	0.490971985	0	0	0	5.636348926	0	0.168356783	4.960529491	0.303427551
Chili_GLEAN_114481	0	0	0	113.9405484	5.562995588	0	0	0	0	0	0	0	0	0	0	0	0
Chili_GLEAN_113304	21.88680726	15.19726613	66.00396131	1.617431923	10.94590098	0	6.261423938	3.087807067	2.55305432	21.6185061	10.94158097	28.00462602	17.80522626	38.37912736	70.9118771	20.16680717	46.86135097
Chili_GLEAN_113206	0	0	0.113198809	1.226876301	2.679282861	0	0	0	0	0	0	0	0	0	0	0	0
Chili_GLEAN_111513	0	0	0	0.142630681	0.143760191	0	0	0.146619519	0	0.140471125	0	0	0	0.158998788	1.783334815	0	0.21914212
Chili_GLEAN_111439	0.086731949	0	0	0	0	0	0.098295509	0.193896833	0	0.185765896	0.087567675	0.087926612	0	0	0	0.191426741	0
Chili_GLEAN_110494	0	0	0	0	0	0	0	0	0	0	0	0	0	0	0.045282169	0	0
Chili_GLEAN_108222	0	0	0	0	0.93907867	0	0	0	0	0	0	0	0	0	0	0	0
Chili_GLEAN_107854	0.210042775	0	0.168586035	0.49486032	0.383676294	0	0	0	0.084120406	0	0	0	0.72427548	0.084869205	1.081699266	1.274864251	0.155962761
Chili_GLEAN_105327	1.145173335	1.05509094	0	0	0	0	0	0.142229713	0.305755008	0	0	0	0	3.855958622	0	0	0
Chili_GLEAN_104727	0.09119883	30.48527914	0.329393958	0	0	0	0	42.2547385	27.72200613	0	3.130638331	3.374608286	0	0.055274257	0	0.603856887	0
Chili_GLEAN_102871	0	0	0	0	0	0	0	0	0	0	0	0	0	0	0	0	0
Chili_GLEAN_102631	0.156245055	0	0	0.679593245	0.171243757	0	0	0.523949163	0	0	0	0	0	0	0	0.344849644	0.174024625
Chili_GLEAN_102630	0.615922534	0.159601619	0.185383556	0.502308051	1.350095711	0	0.698040573	1.376948525	0.370007872	0.329801771	0.621857401	2.029320726	1.274304974	1.493206006	2.09348	0	0.343005058
Chili_GLEAN_100285	1.782201656	1.278872325	0.660204664	0.074536033	0.075126294	0	0.077685161	0	0.329426364	0.73407491	0.276826843	0.138980774	0.425453435	0.166179378	0.169442956	0.075644438	0.076346287
Chili_GLEAN_100201	0	0	0	0	0	0	0	0	0	0	0	0	0	0	0	0	0
